1 1 0.774368490325287
1 1 0.197224191389978
1 1 0.978013844229281
1 1 0.201327350223437
1 1 0.36124442727305
1 1 0.742611942114308
1 1 0.97872843942605
1 1 0.498113709036261
1 1 0.0133158357348293
1 1 0.259946128586307
0 1 0.775893080746755
1 1 0.0163790525402874
1 1 0.0957447842229158
1 1 0.142163540003821
1 1 0.21112623764202
1 1 0.811256443616003
1 1 0.0365471958648413
1 1 0.891637413064018
1 1 0.483236411120743
1 1 0.46666452800855
1 1 0.984224080340937
0 1 0.601345547009259
1 1 0.038344347383827
1 1 0.141495691146702
1 1 0.806385525269434
1 1 0.26668567629531
1 1 0.0427020508795977
1 1 0.612174522364512
1 1 0.55334839806892
1 1 0.853500765282661
1 1 0.46977853984572
1 1 0.397616561036557
1 1 0.804636733606458
1 1 0.508897385094315
1 1 0.634915353730321
0 1 0.494251721305773
1 1 0.280130898812786
1 1 0.908710354240611
1 1 0.784116157796234
1 1 0.558997022453696
1 1 0.244437489192933
1 1 0.530970655148849
0 1 0.118395942030475
1 1 0.983383433427662
1 1 0.897752843564376
1 1 0.738573762821034
1 1 0.377310696756467
1 1 0.606168830534443
1 1 0.512194261653349
1 1 0.989246659679338
0 1 0.0691335855517536
1 1 0.0846206257119775
1 1 0.129945571534336
1 1 0.74613202130422
1 1 0.0388791817240417
1 1 0.685635416535661
1 1 0.143977361498401
1 1 0.891079957829788
1 1 0.0896361162886024
0 1 0.0377327192109078
1 1 0.774874358670786
1 1 0.812063878169283
0 1 0.260602545691654
1 1 0.651594998314977
1 1 0.923803851008415
1 1 0.266106120776385
0 1 0.266132987104356
1 1 0.9109178960789
1 1 0.590563533129171
1 1 0.918147645192221
1 1 0.603794276947156
0 1 0.32826394867152
1 1 0.666117811109871
1 1 0.874787498498335
1 1 0.0688752664718777
1 1 0.793463009409606
1 1 0.5714270058088
1 1 0.0489440662786365
1 1 0.980351353995502
1 1 0.914537348784506
1 1 0.765958485659212
1 1 0.775846372591332
1 1 0.312515049939975
1 1 0.842217308469117
1 1 0.314149905927479
1 1 0.756563893286511
1 1 0.967524380190298
0 1 0.169422924518585
1 1 0.696875177789479
1 1 0.872650788864121
1 1 0.1324707781896
1 1 0.0785131095908582
1 1 0.378223852487281
1 1 0.57962475833483
0 1 0.536425124853849
1 1 0.108531923731789
1 1 0.740315145347267
1 1 0.451789635466412
1 1 0.646108213346452
1 1 0.749298733193427
1 1 0.578292144695297
1 1 0.369409172330052
1 1 0.881339561892673
1 1 0.599252820480615
1 1 0.241759283700958
1 1 0.991064091678709
1 1 0.272029993357137
1 1 0.225755411200225
1 1 0.30653648939915
1 1 0.736066050129011
1 1 0.20587340509519
1 1 0.242183074122295
1 1 0.406669339863583
1 1 0.411321262130514
1 1 0.220737866126001
1 1 0.868450051173568
1 1 0.764235771261156
1 1 0.217509839916602
1 1 0.899718730943277
1 1 0.816142634488642
0 1 0.160189380869269
0 1 0.566658863099292
1 1 0.182444451143965
1 1 0.86785624618642
1 1 0.0937132753897458
1 1 0.638223761692643
1 1 0.973473810590804
0 1 0.00929292966611683
1 1 0.751133996527642
1 1 0.10392344230786
1 1 0.343666930450127
1 1 0.591091852867976
1 1 0.573598765069619
1 1 0.951237907167524
0 1 0.655364507576451
1 1 0.377351639326662
1 1 0.94991142814979
0 1 0.578954987693578
1 1 0.475222088396549
1 1 0.254485866753384
1 1 0.375844619236887
1 1 0.0527987284585834
0 1 0.442092926939949
1 1 0.697271063458174
1 1 0.759161279071122
1 1 0.113734435522929
1 1 0.57600561552681
1 1 0.0991770527325571
1 1 0.109746048925444
0 1 0.0891272188164294
1 1 0.473711889004335
1 1 0.35640357574448
1 1 0.215969872428104
1 1 0.573215632233769
1 1 0.00162422005087137
1 1 0.718207759317011
0 1 0.265113589819521
1 1 0.153830339899287
1 1 0.290076028322801
1 1 0.0672295382246375
1 1 0.931836847914383
1 1 0.133479225682095
1 1 0.812632297631353
1 1 0.759258037665859
1 1 0.371304488042369
1 1 0.952166666742414
0 1 0.0996854172553867
1 1 0.307502679992467
1 1 0.494261544197798
1 1 0.799964842619374
1 1 0.842632925137877
0 1 0.6473939048592
0 1 0.656567400787026
0 1 0.228435223456472
1 1 0.9240007691551
1 1 0.485242062946782
1 1 0.554619419388473
1 1 0.852844046894461
1 1 0.0898779367562383
1 1 0.740950903622434
1 1 0.313134876545519
1 1 0.100732038961723
1 1 0.18407038343139
1 1 0.213704721303657
1 1 0.625698076793924
0 1 0.428000274114311
1 1 0.623516636667773
1 1 0.577644359553233
1 1 0.14898564433679
0 1 0.575752753764391
1 1 0.650045831920579
1 1 0.638607423054054
1 1 0.787435547448695
0 1 0.0806199728976935
1 1 0.289891469059512
1 1 0.223104577511549
1 1 0.570368816843256
1 1 0.256050143390894
1 1 0.517143267439678
1 1 0.769378418801352
1 1 0.171715632546693
0 1 0.339101384859532
0 1 0.0346307139843702
1 1 0.378165489062667
1 1 0.976460104808211
1 1 0.628306976985186
1 1 0.792968206573278
1 1 0.576068395748734
1 1 0.158742039464414
1 1 0.375621754210442
1 1 0.712642900412902
1 1 0.642280535539612
1 1 0.217680340865627
1 1 0.83521971758455
0 1 0.751194991869852
1 1 0.0926634026691318
1 1 0.146297853905708
1 1 0.22410412481986
0 1 0.240667733596638
1 1 0.479203157126904
1 1 0.170891197165474
1 1 0.593215867178515
1 1 0.425961371744052
1 1 0.782201017718762
1 1 0.89101499854587
1 1 0.142018785467371
1 1 0.0872662786860019
0 1 0.298543895361945
1 1 0.377973675495014
1 1 0.310509426286444
1 1 0.858192470157519
1 1 0.18552157189697
1 1 0.0457103401422501
1 1 0.879344750661403
1 1 0.326610916526988
1 1 0.610508331330493
1 1 0.413785243639722
1 1 0.631626930087805
1 1 0.0201767547987401
0 1 0.560452843550593
1 1 0.219557152828202
0 1 0.718596233287826
1 1 0.891310595208779
1 1 0.714111986104399
1 1 0.738244798965752
1 1 0.744075007038191
1 1 0.847890014294535
1 1 0.701567872194573
1 1 0.41223377850838
1 1 0.671587694436312
1 1 0.873326958157122
1 1 0.95861196052283
1 1 0.602143758675084
1 1 0.955820256378502
1 1 0.309399173595011
1 1 0.610134650953114
1 1 0.645091716898605
1 1 0.928400520700961
0 1 0.126417153747752
1 1 0.11408823216334
1 1 0.752684312406927
1 1 0.436705104075372
1 1 0.780298912199214
1 1 0.0761461372021586
1 1 0.299706376623362
1 1 0.654224688652903
1 1 0.130994593026116
1 1 0.765423296252266
0 1 0.308708582306281
1 1 0.876935426378623
1 1 0.637194174807519
1 1 0.342596607515588
1 1 0.428488660836592
1 1 0.849930796772242
1 1 0.000819744542241096
1 1 0.813576228218153
1 1 0.0874580105300993
1 1 0.289057646878064
1 1 0.849488890497014
1 1 0.805416501360014
1 1 0.995044574607164
1 1 0.526671264320612
0 1 0.111227197106928
1 1 0.945346808992326
1 1 0.723695514490828
1 1 0.76648794580251
1 1 0.930566961178556
1 1 0.498757266905159
1 1 0.723960666917264
1 1 0.361902370816097
1 1 0.156802366022021
0 1 0.303363823797554
1 1 0.742630273103714
1 1 0.399672837927938
1 1 0.934755917172879
1 1 0.946996531216428
1 1 0.544780222466215
0 1 0.838801893638447
1 1 0.561629795003682
1 1 0.707813082495704
1 1 0.0706888989079744
0 1 0.119998449925333
0 1 0.0310555074829608
1 1 0.463001627242193
1 1 0.448356495704502
1 1 0.8728946687188
1 1 0.504873096710071
1 1 0.902939289808273
1 1 0.043828766560182
1 1 0.643314284039661
1 1 0.698855994502082
1 1 0.432357482844964
1 1 0.828493101522326
1 1 0.841108692344278
1 1 0.92997571034357
1 1 0.485348571557552
1 1 0.763393075903878
1 1 0.722670076414943
0 1 0.16412951448001
1 1 0.992984264390543
1 1 0.422243675217032
1 1 0.510317259235308
1 1 0.884175343438983
0 1 0.815883016912267
1 1 0.310289656277746
0 1 0.290614293888211
1 1 0.985801395727322
1 1 0.483377530006692
1 1 0.107400820823386
1 1 0.895984349539503
1 1 0.733864497160539
0 1 0.764169477857649
0 1 0.0669399693142623
1 1 0.586228111525998
1 1 0.910732506541535
1 1 0.992980054812506
1 1 0.749990035314113
0 1 0.0327493033837527
1 1 0.255325067788363
1 1 0.424626994878054
1 1 0.363626550184563
1 1 0.491994663141668
1 1 0.434301075292751
1 1 0.570558629231527
1 1 0.90789778647013
1 1 0.149545077001676
1 1 0.410358057357371
1 1 0.386177163338289
1 1 0.346323763020337
1 1 0.180769040714949
1 1 0.250566907925531
1 1 0.723566933302209
1 1 0.356838740874082
1 1 0.762676156591624
0 1 0.00267783389426768
1 1 0.902502597076818
1 1 0.93724616500549
1 1 0.0287830815650523
1 1 0.580515156267211
1 1 0.320475659100339
1 1 0.534146120538935
0 1 0.844306071987376
1 1 0.00440647383220494
1 1 0.239406295353547
1 1 0.0869177726563066
0 1 0.431421487824991
1 1 0.817005005665123
1 1 0.685073657194152
1 1 0.596963769290596
1 1 0.649056442081928
1 1 0.886809174902737
1 1 0.752216478809714
1 1 0.440788645995781
0 1 0.765468750614673
1 1 0.611075419466943
1 1 0.230400141794235
1 1 0.770976327825338
0 1 0.00345197040587664
0 1 0.304548926884308
1 1 0.677755016367882
1 1 0.830622411798686
1 1 0.981180731672794
1 1 0.0146101408172399
0 1 0.427443687105551
1 1 0.0260336596984416
1 1 0.497721859486774
1 1 0.791867338120937
1 1 0.53656679391861
1 1 0.835193200502545
1 1 0.254128620494157
0 1 0.791384656447917
1 1 0.873722912976518
1 1 0.216534708859399
1 1 0.939788747578859
1 1 0.138500272063538
1 1 0.383461146615446
1 1 0.433964991476387
1 1 0.296471563633531
1 1 0.724703759420663
0 1 0.336028221063316
1 1 0.978364152600989
1 1 0.86608185665682
1 1 0.901803070446476
0 1 0.325471420539543
1 1 0.397138459840789
1 1 0.265053155831993
1 1 0.909690600819886
1 1 0.838811319554225
1 1 0.716293202713132
1 1 0.695596616715193
1 1 0.466154247056693
1 1 0.385693898890167
1 1 0.976621562149376
1 1 0.978381113382056
1 1 0.929660500492901
1 1 0.850788790965453
1 1 0.891449235845357
1 1 0.323866647202522
1 1 0.585652724374086
1 1 0.253404879011214
1 1 0.613762008491904
1 1 0.517032054252923
1 1 0.708481218433008
1 1 0.384624341968447
1 1 0.693782979622483
1 1 0.482504156650975
1 1 0.280622997088358
1 1 0.111000119708478
1 1 0.22525016986765
1 1 0.192968888906762
1 1 0.767678128322586
1 1 0.144796297652647
1 1 0.39752867561765
0 1 0.856579141225666
1 1 0.764677643310279
1 1 0.349135152762756
1 1 0.25146511127241
1 1 0.468221299350262
1 1 0.259656033478677
1 1 0.251388091593981
1 1 0.104873004835099
1 1 0.480938708642498
1 1 0.586223446764052
1 1 0.157663263613358
1 1 0.853330726502463
1 1 0.8025345900096
1 1 0.0630291227716953
1 1 0.774797392776236
1 1 0.854345866246149
1 1 0.959840255556628
1 1 0.525308351498097
1 1 0.794741469901055
1 1 0.93432270269841
0 1 0.415850785095245
1 1 0.570906246080995
1 1 0.715303818928078
1 1 0.494577714940533
1 1 0.319346632575616
1 1 0.452595881186426
1 1 0.921565412310883
1 1 0.593852616613731
1 1 0.742607552092522
1 1 0.3950976873748
1 1 0.381024700822309
1 1 0.779270745115355
1 1 0.446705242386088
1 1 0.8011080394499
0 1 0.0530828894115984
1 1 0.675939264241606
1 1 0.110763745149598
1 1 0.559378457022831
1 1 0.578903007088229
1 1 0.0537102909293026
1 1 0.861216648016125
1 1 0.54848871123977
0 1 0.191311767091975
1 1 0.126277023693547
1 1 0.404101573629305
1 1 0.228142766514793
1 1 0.790996142895892
1 1 0.742315841140226
1 1 0.264997609658167
1 1 0.0497878186870366
1 1 0.7273138766177
1 1 0.138578815851361
0 1 0.473839645273983
1 1 0.271520877024159
1 1 0.361259246477857
1 1 0.394131204113364
1 1 0.516422223765403
1 1 0.575148560339585
0 1 0.913428178057075
1 1 0.712254592683166
1 1 0.282151025254279
1 1 0.743091369979084
1 1 0.336726993788034
1 1 0.0864723538979888
1 1 0.137007158482447
1 1 0.833214752143249
1 1 0.281362747075036
1 1 0.316639788448811
1 1 0.0935036577284336
1 1 0.61049162549898
1 1 0.486205182503909
1 1 0.495161439990625
1 1 0.621448158752173
1 1 0.298100140178576
0 1 0.622220361372456
1 1 0.809450112748891
1 1 0.343012311961502
1 1 0.210464267525822
1 1 0.773515745066106
1 1 0.955767995677888
1 1 0.286419369280338
1 1 0.0794727448374033
1 1 0.661053496645764
1 1 0.3118138872087
1 1 0.630501184379682
1 1 0.604953738395125
1 1 0.876706274459139
0 1 0.0342228803783655
1 1 0.771673129638657
1 1 0.93684222525917
0 1 0.25422203540802
1 1 0.393170490860939
1 1 0.407810159958899
1 1 0.651963730342686
1 1 0.232840614626184
1 1 0.2398367440328
1 1 0.4633890602272
1 1 0.0757585868705064
1 1 0.739007715601474
1 1 0.647706708172336
1 1 0.498322295024991
1 1 0.843488913727924
1 1 0.42522920598276
1 1 0.259227220201865
1 1 0.847242712276056
1 1 0.32506736414507
1 1 0.0726406380999833
1 1 0.41351372981444
1 1 0.294362260494381
1 1 0.00821874849498272
1 1 0.169481596909463
1 1 0.110209055710584
1 1 0.357150809839368
1 1 0.479138184105977
1 1 0.628914608387277
1 1 0.0291915039997548
1 1 0.317528533982113
1 1 0.306179328355938
1 1 0.688495746813715
0 1 0.554668104741722
1 1 0.777362949913368
1 1 0.762315502623096
1 1 0.425375876482576
1 1 0.965469471877441
1 1 0.937939377967268
1 1 0.436330883996561
1 1 0.365133651066571
1 1 0.933779392158613
1 1 0.0935787672642618
1 1 0.17783232871443
1 1 0.634321811841801
0 1 0.426303959451616
1 1 0.247728513553739
1 1 0.680436755996197
0 1 0.951060107443482
0 1 0.00556277809664607
1 1 0.657620626501739
1 1 0.465930595993996
1 1 0.862668523564935
1 1 0.191665188409388
1 1 0.882191311568022
1 1 0.116954855853692
1 1 0.884029913460836
1 1 0.844316486036405
1 1 0.545540990540758
1 1 0.338115784805268
1 1 0.612806926714256
1 1 0.303584500681609
1 1 0.99664292903617
1 1 0.244909029686823
1 1 0.494586455868557
1 1 0.0983962484169751
1 1 0.551325806416571
0 1 0.0632993492763489
0 1 0.110916248522699
1 1 0.265209570759907
1 1 0.65919750998728
1 1 0.101170777808875
1 1 0.915162334684283
1 1 0.492990078404546
0 1 0.408335317159072
1 1 0.901687075383961
1 1 0.628590122330934
0 1 0.0489578447304666
1 1 0.394935755291954
1 1 0.259122808231041
1 1 0.331622616387904
1 1 0.666934402659535
1 1 0.625317686470225
1 1 0.507543268613517
0 1 0.284504176815972
0 1 0.36215490475297
1 1 0.768481910927221
1 1 0.298839331138879
0 1 0.371669197222218
1 1 0.0326483354438096
1 1 0.144800920970738
1 1 0.467497109668329
1 1 0.4670414859429
1 1 0.619888152461499
1 1 0.996896958444268
1 1 0.922495705541223
0 1 0.0307583506219089
1 1 0.537626219680533
0 1 0.324835435021669
1 1 0.9192293160595
0 1 0.362162672448903
1 1 0.257684280630201
1 1 0.777084367116913
1 1 0.060329430969432
1 1 0.148089550901204
0 1 0.350022854283452
1 1 0.724576649488881
1 1 0.166887455387041
1 1 0.625389981549233
1 1 0.216128566069528
0 1 0.0803448599763215
1 1 0.85726693412289
1 1 0.53415464120917
1 1 0.911183481803164
0 1 0.33914207178168
0 1 0.297993209213018
1 1 0.839897137135267
0 1 0.0560075994580984
1 1 0.251565637998283
0 1 0.10658610239625
1 1 0.0845124844927341
1 1 0.0462357609067112
1 1 0.65391390142031
1 1 0.567064032889903
1 1 0.6048982180655
1 1 0.361069544218481
0 1 0.478445034008473
1 1 0.200872340472415
0 1 0.222925922833383
1 1 0.949444439494982
1 1 0.0307010165415704
1 1 0.402916146675125
1 1 0.581024963641539
1 1 0.797545956447721
1 1 0.212698669638485
1 1 0.737046080175787
0 1 0.834826637990773
1 1 0.34240324376151
1 1 0.373054493917152
1 1 0.742539519909769
1 1 0.10229083802551
1 1 0.821061476599425
1 1 0.719421684974805
1 1 0.948870804626495
1 1 0.614808283746243
1 1 0.465617688605562
0 1 0.687057783361524
1 1 0.84644497721456
1 1 0.275338395265862
1 1 0.235218969872221
1 1 0.869283457985148
1 1 0.497510253917426
0 1 0.530897514428943
1 1 0.844943624688312
1 1 0.231636409647763
1 1 0.00505601172335446
0 1 0.197853174060583
1 1 0.851169539382681
1 1 0.794882976915687
1 1 0.407913628034294
1 1 0.341474468354136
1 1 0.239039172884077
0 1 0.679682164918631
1 1 0.165099932579324
1 1 0.534640821395442
0 1 0.917025094851851
0 1 0.708150995429605
1 1 0.706166767515242
1 1 0.180957640521228
1 1 0.760136083234102
1 1 0.898726893821731
1 1 0.725189132383093
0 1 0.194109676405787
1 1 0.711363987997174
1 1 0.917680319864303
1 1 0.864360388368368
1 1 0.609830835135654
1 1 0.282034727511927
1 1 0.97189147118479
1 1 0.535585674224421
1 1 0.227349274558946
1 1 0.599736005067825
1 1 0.154081805143505
1 1 0.463770918315277
1 1 0.845961728831753
1 1 0.435419449349865
1 1 0.773573315935209
0 1 0.0967188128270209
1 1 0.424934590933844
0 1 0.577144138747826
1 1 0.475725744850934
1 1 0.175601531052962
1 1 0.234882956370711
1 1 0.434353859163821
1 1 0.574824399547651
1 1 0.992098595947027
1 1 0.756193620385602
1 1 0.362215652829036
1 1 0.547339698998258
0 1 0.185953674837947
1 1 0.524521266575903
1 1 0.225069599226117
1 1 0.911340972874314
1 1 0.763855846365914
1 1 0.34115291130729
1 1 0.820391184417531
1 1 0.984728851122782
1 1 0.402479839278385
0 1 0.398337748833001
1 1 0.355385484173894
1 1 0.996304989093915
0 1 0.420912199886516
1 1 0.825072953011841
1 1 0.0540067432448268
1 1 0.126679681940004
1 1 0.983214642852545
1 1 0.438097000587732
1 1 0.0977464562747627
1 1 0.144636227982119
1 1 0.699719278607517
1 1 0.964076800039038
1 1 0.571803558850661
1 1 0.976129007060081
1 1 0.766192927025259
1 1 0.353297001915053
1 1 0.667280737543479
1 1 0.812140310648829
0 1 0.680691366782412
0 1 0.417172965127975
1 1 0.631276092026383
1 1 0.84564333432354
1 1 0.314738786313683
1 1 0.623067643027753
1 1 0.24890694138594
1 1 0.170307136373594
0 1 0.0528473828453571
0 1 0.352397213457152
1 1 0.715419791871682
1 1 0.769427612656727
1 1 0.0439616534858942
1 1 0.296600587898865
1 1 0.372810231288895
0 1 0.606454669730738
1 1 0.174452178413048
1 1 0.325637068599463
1 1 0.531371765537187
1 1 0.213290896033868
1 1 0.109895409317687
1 1 0.470625348389149
1 1 0.0183186221402138
1 1 0.612048755167052
1 1 0.334321524715051
0 1 0.98309754463844
1 1 0.633999591460451
1 1 0.751820059260353
1 1 0.27346291905269
1 1 0.243564313743263
1 1 0.350275568431243
1 1 0.483300012303516
1 1 0.973432252416387
0 1 0.218934502219781
1 1 0.4920768677257
1 1 0.722552757943049
1 1 0.507024090038612
0 1 0.0701438768301159
1 1 0.0194451697170734
1 1 0.205571976257488
1 1 0.754195434506983
1 1 0.630418118089437
1 1 0.848987313453108
1 1 0.051017050864175
1 1 0.803623382933438
1 1 0.58340781996958
1 1 0.886678847949952
0 1 0.950272547313944
0 1 0.0732990042306483
1 1 0.834296812769026
1 1 0.363232888514176
1 1 0.444549295352772
1 1 0.954196568811312
1 1 0.0104499000590295
0 1 0.273583615198731
1 1 0.830732304602861
1 1 0.823020018870011
1 1 0.392719317926094
1 1 0.735246748197824
0 1 0.901445550145581
1 1 0.0822419475298375
1 1 0.368879102170467
1 1 0.363089945632964
1 1 0.488129941280931
0 1 0.80069805518724
1 1 0.575974444625899
1 1 0.787414017133415
1 1 0.849424730287865
1 1 0.190079949563369
1 1 0.533960375236347
0 1 0.833445752272382
1 1 0.754456813680008
1 1 0.430390015477315
1 1 0.755243089515716
0 1 0.316451253835112
1 1 0.821538813179359
1 1 0.649433868471533
1 1 0.154915826395154
1 1 0.374178872210905
0 1 0.286865844624117
1 1 0.843251412268728
1 1 0.181860059034079
1 1 0.606947886757553
1 1 0.657173519488424
1 1 0.811332019977272
1 1 0.546618887456134
1 1 0.837985824327916
1 1 0.0664718898478895
1 1 0.974875728832558
1 1 0.805784752592444
1 1 0.0663143009878695
1 1 0.781842248281464
1 1 0.584496296942234
1 1 0.798303778050467
1 1 0.555382568389177
1 1 0.826247105374932
1 1 0.298076165374368
1 1 0.934750434011221
1 1 0.694159492850304
1 1 0.863456175895408
1 1 0.201999134151265
1 1 0.26307216193527
1 1 0.802501529455185
1 1 0.0229814688209444
1 1 0.788111884146929
1 1 0.121721596224234
1 1 0.25734239211306
1 1 0.105063496623188
1 1 0.39594418136403
1 1 0.406720766564831
1 1 0.457430152688175
1 1 0.0148281250149012
1 1 0.907564083579928
1 1 0.366266056429595
1 1 0.725071882363409
1 1 0.783072365680709
0 1 0.40910002682358
1 1 0.215065519092605
1 1 0.40071125747636
1 1 0.590563430450857
1 1 0.530266191111878
1 1 0.147716148989275
1 1 0.224991797236726
1 1 0.566724799340591
1 1 0.223406673409045
1 1 0.0545725063420832
1 1 0.624352369457483
1 1 0.855703997658566
1 1 0.0435405250173062
0 1 0.370553981978446
1 1 0.765106913400814
1 1 0.951624621404335
1 1 0.486827178392559
1 1 0.589320411905646
1 1 0.675824695732445
1 1 0.319414222845808
1 1 0.689393085660413
0 1 0.536409341497347
1 1 0.150857330067083
1 1 0.847545644966885
1 1 0.302516779862344
0 1 0.255791884846985
0 1 0.51585302199237
1 1 0.66577648720704
1 1 0.571228650398552
1 1 0.972977021709085
0 1 0.438217469025403
1 1 0.607895789667964
1 1 0.881068055750802
1 1 0.382243130821735
1 1 0.904035334475338
1 1 0.818195504602045
1 1 0.18909577280283
1 1 0.279341920046136
1 1 0.0956006301566958
0 1 0.433048548642546
1 1 0.165103451116011
1 1 0.184365910477936
1 1 0.795648351311684
1 1 0.622831351822242
1 1 0.538676129421219
1 1 0.0347112382296473
1 1 0.366179496748373
1 1 0.195988555205986
1 1 0.279419114813209
1 1 0.962412738241255
1 1 0.947127160150558
0 1 0.549059042474255
1 1 0.974958426086232
1 1 0.717982192523777
1 1 0.355677332729101
1 1 0.867656888207421
1 1 0.231176957255229
1 1 0.0760646027047187
0 1 0.391640963032842
1 1 0.681572747882456
1 1 0.953750621993095
1 1 0.0205851278733462
1 1 0.717178095830604
1 1 0.669524003053084
1 1 0.658622696530074
0 1 0.254619110841304
1 1 0.399269325193018
0 1 0.494142564246431
1 1 0.174093291861936
1 1 0.194849428255111
1 1 0.879846654599532
1 1 0.476180211175233
1 1 0.161738523514941
1 1 0.405467160511762
1 1 0.166628613369539
1 1 0.0751256828662008
0 1 0.283869449980557
1 1 0.0767841069027781
1 1 0.936182432342321
1 1 0.933077562833205
1 1 0.135649146046489
1 1 0.679490730632097
1 1 0.519720418844372
1 1 0.339432429522276
0 1 0.0399253589566797
1 1 0.182384872110561
1 1 0.372122626984492
1 1 0.752011639531702
1 1 0.109832058893517
1 1 0.798284947872162
1 1 0.183607918675989
1 1 0.603453785879537
1 1 0.610141709446907
1 1 0.0411036522127688
1 1 0.499363416340202
1 1 0.207342209527269
1 1 0.32617621938698
1 1 0.48690296872519
1 1 0.646777734393254
1 1 0.129989075940102
1 1 0.665167519589886
1 1 0.449809123994783
1 1 0.653672235319391
1 1 0.695856192614883
1 1 0.75356910051778
1 1 0.0612949603237212
1 1 0.0499363518320024
1 1 0.046064124442637
0 1 0.844627619488165
1 1 0.104884493164718
1 1 0.262087986106053
1 1 0.148730938788503
0 1 0.175217884592712
1 1 0.0196621576324105
1 1 0.442707882029936
1 1 0.0942874809261411
1 1 0.893378884298727
1 1 0.585570112336427
1 1 0.916977853048593
0 1 0.64807584322989
1 1 0.776238778373227
1 1 0.204912888118997
1 1 0.57321685529314
1 1 0.863256844924763
1 1 0.504742647986859
1 1 0.469652176368982
1 1 0.4276488579344
1 1 0.131531685125083
0 1 0.159377955831587
1 1 0.84579058457166
1 1 0.858706737169996
1 1 0.502891751006246
1 1 0.5593184705358
1 1 0.375858957413584
1 1 0.989088220987469
1 1 0.938063616165891
1 1 0.970620216801763
1 1 0.216183098731562
